test on train 
0 33.91
1 48.59
2 61.652
3 72.248
4 80.564
5 85.414
6 88.032
7 90.41
8 92.1
9 93.448

0 38.25
1 52.07
2 64.3
3 74.21
4 81.23
5 84.31
6 86.22
7 87.61
8 89.21
9 89.93

0 33.74
1 46.75
2 60.59
3 71.55
4 79.66
5 83.38
6 86.53
7 87.77
8 88.65
9 90.01

0 30.15
1 43.11
2 57.62
3 67.66
4 78.19
5 81.87
6 84.68
7 86.31
8 88.11
9 88.98

0 37.24
1 52.7
2 64.73
3 74.57
4 81.03
5 84.79
6 86.86

0 38.44
1 51.84
2 65.54
3 72.9
4 79.26
5 83.97
6 86.08
7 88.22
8 89.55
9 90.62

0 35.67
1 48.42
2 57.74
3 68.92
4 77.81
5 82.03
6 85.25
7 86.98
8 88.33
9 89.18

0 35.76
1 50.05
2 61.79
3 69.53
4 78.91
5 83.66
6 85.69
7 87.63
8 89.14
9 89.92

0 36.69
1 48.91
2 63.67
3 74.07
4 81.64
5 84.64
6 86.66
7 88.84
8 89.67
9 90.7

0 38.38
1 53.89
2 66.86
3 75.4
4 81.65
5 84.7
6 87.07
7 88.17
8 89.57
9 90.56

0 33.56
1 48.51
2 62.5
3 71.57
4 79.61
5 83.72
6 86.01
7 87.76
8 89.19
9 90.45

0 34.0
1 45.07
2 59.26
3 69.99
4 78.75
5 83.09
6 85.76
7 87.3
8 88.69
9 89.47
0 37.62
1 46.93
2 60.81
3 70.22
4 79.41
5 83.66
6 86.06
7 87.93
8 88.92
9 90.01
0 35.31
1 49.84
2 65.43
3 74.56
4 80.9
5 84.3
6 86.03
7 88.06
8 89.09
9 90.33
0 40.43
1 55.62
2 70.81
3 78.44
4 83.23
5 86.36
6 87.72
7 88.81
8 89.96
9 90.89
0 35.47
1 47.38
0 34.09
1 43.71
2 56.24
3 68.56
4 77.38
5 82.16
6 85.29
7 87.07
8 88.4
9 89.39
0 34.95
1 52.53
2 68.25
3 77.81
4 82.28
5 85.0
6 87.07
7 88.2
8 89.52
9 90.31
0 33.57
1 46.09
2 61.33
3 72.73
4 79.93
5 83.63
6 85.89
7 87.7
8 88.98
9 90.1
0 33.27
1 46.29
2 61.44
3 72.07
4 80.82
5 84.58
6 86.54
7 88.36
8 89.28
