0 38.18
1 56.71
2 67.7
3 77.12
4 81.42
5 84.59
6 87.18
7 88.33
8 89.63
9 90.41
0 35.12
1 55.26
2 66.77
3 75.52
4 80.38
5 84.43
6 86.17
7 87.9
8 89.5
9 90.04
0 35.79
1 53.68
2 65.44
3 74.94
4 81.45
5 85.39
6 86.58
7 87.97
8 89.47
9 90.17
0 37.22
1 53.21
2 63.51
3 72.99
4 80.09
5 83.96
6 86.14
7 87.84
8 89.05
9 89.94
0 36.51
1 51.3
2 65.04
3 74.93
4 80.56
5 84.65
6 86.88
7 88.51
8 89.5
9 90.41
0 36.9
1 56.07
2 67.67
3 76.6
4 81.39
5 84.7
6 86.98
7 88.66
8 89.43
9 90.19
0 39.47
1 54.25
2 67.25
3 74.94
4 81.69
5 84.72
6 87.04
7 88.54
8 89.99
9 90.71
0 36.52
1 51.55
2 64.9
3 75.03
4 80.77
5 84.81
6 86.77
7 87.9
8 89.36
9 90.17
0 32.49
1 44.52
2 57.49
3 69.09
4 79.04
5 83.73
6 85.67
7 87.58
8 88.74
9 89.8
0 32.55
1 47.32
2 59.59
3 69.13
4 78.59
5 83.0
6 85.6
7 87.13
8 88.63
9 89.25
